** Descriptive Statistics, CI, and Hyphothesis Testing (Null Hyphothesis is 1200);
** Check difference between means of male and female; 
data sasuser.testscores;
    input Gender $ 1-6 SATScore 8-11 IDNumber 13-20;
    datalines;
Male   1170 61469897
Female 1090 33081197
Male   1240 68137597
Female 1000 37070397
Male   1210 64608797
Female  970 60714297
Male   1020 16907997
Female 1490  9589297
Male   1200 93891897
Female 1260 85859397
Male   1150 38152597
Female 1390 99108497
Male   1240 59666697
Female 1370 70847197
Male   1140 47613397
Female 1160 53750297
Male   1050 95948597
Female 1110  3873197
Male   1100 25756097
Female 1080 43493297
Male   1120 27543197
Female 1080 26212897
Male   1050  8945097
Female 1200 51799397
Male   1600 39196697
Female 1100 48154497
Male   1050 55189597
Female 1060 46028397
Male   1140 75332897
Female 1100 29520797
Male   1340 55983497
Female 1240 93236497
Male   1090  6975697
Female 1180 29686297
Male   1170 76815697
Female 1130 64045497
Male   1290  9880297
Female 1380 23048597
Male   1010 76058697
Female 1280 42586897
Male   1050 62688897
Female 1520 73461797
Male   1360 44327297
Female 1260  2854197
Male   1290 42401697
Female 1070 51266697
Male   1260 61195297
Female 1350 71681397
Male   1140 43230697
Female 1330  6520097
Male    990 61728297
Female 1300 64179097
Male   1150 20494697
Female 1520 40177297
Male   1200 43183797
Female 1120 47146397
Male   1020 60633297
Female 1250 72168497
Male   1330 98377897
Female 1170 20745097
Male   1110 91775997
Female 1230 82634897
Male   1310 73772397
Female 1270 20755897
Male   1210 57288097
Female 1120 55860697
Male   1200 65246997
Female 1380 81994397
Male    890 76526697
Female 1590 23573597
Male   1110 61160997
Female 1150 23359697
Male   1280 19108097
Female  910 30834797
Male   1060 46806897
Female 1270 62919297
Male   1020 37534197
Female 1300  4440297
Male   1050  2012997
Female 1060 59149297
;
run;

** OneWay ANOVA Model BulbWt = f(Fertilizer);
data sasuser.MGGarlic;
    input @1 Fertilizer 1. @3 BulbWt 7.5 @11 Cloves 7.4 @19 BedID 5.;
    datalines;
4 0.20901 11.5062 30402
3 0.25792 12.2550 23423
2 0.21588 12.0982 20696
4 0.24754 12.9199 25412
1 0.24402 12.5793 10575
3 0.20150 10.6891 21466
1 0.20891 11.5416 14749
4 0.15173 14.0173 25342
2 0.24114  9.9072 20383
3 0.23350 11.2130 23306
3 0.21481 11.2933 22730
2 0.19560 10.0428 19533
3 0.22271 11.4917 23104
2 0.15851 12.4579 19316
4 0.17713 12.6372 25759
1 0.23277 11.1439 18057
3 0.23229 12.5118 22934
3 0.18914 12.1337 21414
1 0.20161 13.1160 14158
3 0.21213 11.8415 22006
1 0.25285 12.0435 18652
2 0.22152 11.6716 20805
1 0.25362 11.4838 16662
1 0.24118 12.5481 14607
3 0.25785 10.1495 22981
3 0.27828 10.7842 22741
3 0.22790 11.7475 24758
1 0.20530 12.0564 14192
1 0.18840 13.0964 14578
2 0.23194 10.9575 20897
2 0.18979 12.0743 19493
2 0.21414 12.7071 19588
;
run;

** Two way ANOVA Model BulbWt = f(Fertilizer, sector);
data sasuser.MGGarlic_Block;
    input @1 Sector 1. @3 Position 1. @5 Fertilizer 1. @7 BulbWt 7.5 @15 Cloves 7.4 @23 BedId 5.;
    datalines;
1 1 3 0.25881 11.6322 22961
1 2 4 0.20746 12.5837 23884
1 3 1 0.27453 12.0597 19642
1 4 2 0.24467 12.1001 20384
2 1 3 0.21454 11.5863 20303
2 2 4 0.16953 12.7132 21004
2 3 1 0.22504 12.0470 16117
2 4 2 0.16809 11.9071 19686
3 1 4 0.21720 12.3655 26527
3 2 3 0.22551 11.6864 23574
3 3 2 0.23536 12.0258 17499
3 4 1 0.24937 11.6668 16636
4 1 4 0.20811 12.5996 24834
4 2 1 0.21138 12.1393 19946
4 3 2 0.19320 12.0792 21504
4 4 3 0.19256 11.6464 23181
5 1 4 0.19851 12.5355 24533
5 2 1 0.18603 12.3307 15009
5 3 3 0.19698 11.5608 23845
5 4 2 0.15745 11.8735 18948
6 1 2 0.20058 11.9077 20019
6 2 3 0.25346 11.7294 22228
6 3 4 0.19838 12.7670 24424
6 4 1 0.25439 12.0139 13755
7 1 3 0.26578 11.7448 21087
7 2 4 0.21678 12.8531 25751
7 3 2 0.26183 12.3990 20296
7 4 1 0.27506 11.9383 20038
8 1 1 0.21420 12.1034 17843
8 2 3 0.17877 11.5682 21394
8 3 4 0.20714 12.5213 27191
8 4 2 0.22803 12.2317 20202
;
run;